elapsed:10535.236086s
trans_count:74
trans_sequence:1->7->1->17->7->1->23->2->16->3->17->27->1->24->2->1->7->14->1->5->12->22->14->1->23->12->28->21->13->18->27->17->5->1->11->10->24->13->21->23->18->1->12->21->28->18->20->14->5->18->8->6->22->24->9->22->10->4->9->10->22->20->18->20->18->9->22->8->21->18->20->18->20->18
makespan:12939
reach_goal:True
goal_distance:0.0
train_steps:737280
best_train_makespan:12939
pool_success_rate:1.0
pool_avg_makespan:92037.4
pool_worst_makespan:374302.0
seen_pool_summary=success:15/15,avg_makespan:76302,worst_makespan:374302
seen_pool:1-1-9.txt|goal=True|makespan=12939|trans_count=74|elapsed=1.123962s
seen_pool:1-1-6.txt|goal=True|makespan=10829|trans_count=53|elapsed=0.808161s
seen_pool:1-1-12.txt|goal=True|makespan=17940|trans_count=98|elapsed=1.499838s
seen_pool:1-2-6.txt|goal=True|makespan=11818|trans_count=56|elapsed=0.857494s
seen_pool:1-2-9.txt|goal=True|makespan=18894|trans_count=77|elapsed=1.363149s
seen_pool:1-2-12.txt|goal=True|makespan=26552|trans_count=95|elapsed=1.892641s
seen_pool:1-3-9.txt|goal=True|makespan=35243|trans_count=67|elapsed=0.892979s
seen_pool:1-3-6.txt|goal=True|makespan=18923|trans_count=48|elapsed=0.599273s
seen_pool:1-3-12.txt|goal=True|makespan=36059|trans_count=66|elapsed=0.917687s
seen_pool:1-4-9.txt|goal=True|makespan=37164|trans_count=71|elapsed=1.058860s
seen_pool:1-4-6.txt|goal=True|makespan=24445|trans_count=52|elapsed=0.672738s
seen_pool:1-4-12.txt|goal=True|makespan=48621|trans_count=99|elapsed=1.360104s
seen_pool:1-5-6.txt|goal=True|makespan=188511|trans_count=168|elapsed=2.893216s
seen_pool:1-5-9.txt|goal=True|makespan=282304|trans_count=252|elapsed=4.383834s
seen_pool:1-5-12.txt|goal=True|makespan=374302|trans_count=336|elapsed=5.959739s
checkpoint_path:d:\dispatch_code\BC+DAgger+PPO\new_job\python_port\checkpoints\Reference_checkpoint/reference_ppo_checkpoint_family1_test4_1-1-9_215733289fd3f9aed1b7957a4e70caae128d3134.pt
