elapsed:10639.748255s
trans_count:105
trans_sequence:1->2->1->7->1->16->3->2->17->5->1->10->12->16->27->22->20->4->19->6->11->17->3->16->29->22->1->10->2->4->20->19->12->22->1->14->3->12->22->17->23->1->16->7->20->18->29->20->14->5->19->2->1->12->22->14->1->25->12->22->20->18->1->13->29->14->11->5->22->20->18->9->13->22->25->20->18->20->18->8->6->28->22->20->10->24->18->8->22->6->4->8->6->22->20->18->9->22->8->21->18->20->18->20->18
makespan:22186
reach_goal:True
goal_distance:0.0
train_steps:804864
best_train_makespan:22186
pool_success_rate:0.8
pool_avg_makespan:35483.5
pool_worst_makespan:61302.0
seen_pool_summary=success:10/10,avg_makespan:14248,worst_makespan:28484
seen_pool:1-1.txt|goal=True|makespan=22186|trans_count=105|elapsed=1.701269s
seen_pool:1-1-9.txt|goal=True|makespan=15027|trans_count=74|elapsed=1.113855s
seen_pool:1-2.txt|goal=True|makespan=28484|trans_count=107|elapsed=1.939103s
seen_pool:1-2-9.txt|goal=True|makespan=19234|trans_count=73|elapsed=1.383258s
seen_pool:2-1.txt|goal=True|makespan=10120|trans_count=81|elapsed=1.196715s
seen_pool:2-1-9.txt|goal=True|makespan=6189|trans_count=56|elapsed=0.781611s
seen_pool:3-1.txt|goal=True|makespan=11150|trans_count=102|elapsed=1.931408s
seen_pool:3-1-9.txt|goal=True|makespan=7160|trans_count=76|elapsed=1.350788s
seen_pool:3-3.txt|goal=True|makespan=13300|trans_count=123|elapsed=1.034377s
seen_pool:3-3-9.txt|goal=True|makespan=9630|trans_count=86|elapsed=0.858919s
checkpoint_path:d:\dispatch_code\BC+DAgger+PPO\new_job\python_port\checkpoints\Reference_checkpoint/reference_ppo_checkpoint_case1_test3_1-1_6df71baa57b78fb00b353b07fcf3342d31da589b.pt
