elapsed:5703.344984s
trans_count:88
trans_sequence:1->7->1->2->17->1->3->16->7->5->14->5->1->12->22->1->2->14->1->5->12->21->18->1->13->5->11->13->21->19->11->5->13->21->18->8->21->19->5->14->12->21->5->18->14->20->19->2->5->1->13->11->22->1->5->13->12->21->5->18->1->14->11->21->18->5->9->22->20->18->13->8->5->21->18->20->6->18->4->10->8->22->9->22->20->18->20->18
makespan:39128
reach_goal:True
goal_distance:0.0
train_steps:509952
best_train_makespan:39128
pool_success_rate:0.375
pool_avg_makespan:33282.666666666664
pool_worst_makespan:40044.0
seen_pool_summary=success:8/8,avg_makespan:34356,worst_makespan:56880
seen_pool:1-3.txt|goal=True|makespan=39128|trans_count=88|elapsed=0.983508s
seen_pool:1-3-a.txt|goal=True|makespan=39674|trans_count=93|elapsed=0.982064s
seen_pool:1-4.txt|goal=True|makespan=52636|trans_count=103|elapsed=0.436274s
seen_pool:1-4-a.txt|goal=True|makespan=56880|trans_count=109|elapsed=0.400264s
seen_pool:3-2.txt|goal=True|makespan=15120|trans_count=105|elapsed=0.619458s
seen_pool:3-2-a.txt|goal=True|makespan=18465|trans_count=109|elapsed=1.325234s
seen_pool:3-4.txt|goal=True|makespan=26580|trans_count=116|elapsed=0.362659s
seen_pool:3-4-c.txt|goal=True|makespan=26370|trans_count=118|elapsed=0.355924s
checkpoint_path:d:\dispatch_code\BC+DAgger+PPO\new_job\python_port\checkpoints\Reference_checkpoint/reference_ppo_checkpoint_case2_test3_1-3_5b90dd79b2a2a4bedb4739614392cd42cfbe4c2f.pt
