elapsed:5773.500852s
trans_count:96
trans_sequence:1->7->17->3->1->2->16->5->6->1->7->1->11->17->5->13->22->20->19->11->22->1->5->7->20->18->13->5->1->14->12->22->5->8->21->18->20->6->18->17->1->11->22->5->1->10->12->21->17->18->1->7->1->5->13->11->22->20->19->5->14->5->12->22->1->13->5->11->21->14->5->18->9->21->18->20->18->20->13->5->18->10->8->22->20->18->9->22->20->18->4->10->9->22->20->18
makespan:39128
reach_goal:True
goal_distance:0.0
train_steps:509952
best_train_makespan:39128
pool_success_rate:0.75
pool_avg_makespan:56069.666666666664
pool_worst_makespan:72985.0
seen_pool_summary=success:8/8,avg_makespan:34676,worst_makespan:56459
seen_pool:1-3.txt|goal=True|makespan=39128|trans_count=96|elapsed=1.254820s
seen_pool:1-3-a.txt|goal=True|makespan=39702|trans_count=95|elapsed=1.255024s
seen_pool:1-4.txt|goal=True|makespan=54248|trans_count=106|elapsed=1.561141s
seen_pool:1-4-a.txt|goal=True|makespan=56459|trans_count=107|elapsed=1.393370s
seen_pool:3-2.txt|goal=True|makespan=16225|trans_count=110|elapsed=0.456726s
seen_pool:3-2-a.txt|goal=True|makespan=18780|trans_count=105|elapsed=0.416685s
seen_pool:3-4.txt|goal=True|makespan=27570|trans_count=122|elapsed=1.506593s
seen_pool:3-4-c.txt|goal=True|makespan=25300|trans_count=128|elapsed=1.598503s
checkpoint_path:d:\dispatch_code\BC+DAgger+PPO\new_job\python_port\checkpoints\Reference_checkpoint/reference_ppo_checkpoint_case2_test2_1-3_5b90dd79b2a2a4bedb4739614392cd42cfbe4c2f.pt
