elapsed:17676.625389s
trans_count:73
trans_sequence:1->7->1->2->17->1->27->7->1->17->7->1->23->16->2->3->1->24->13->23->11->17->22->5->1->7->13->1->29->14->5->12->14->25->22->1->12->14->22->20->29->18->8->21->6->4->18->20->18->8->22->6->8->28->6->24->21->18->9->10->21->18->20->18->8->21->18->9->22->20->18->20->18
makespan:12952
reach_goal:False
goal_distance:16.0
train_steps:1204224
best_train_makespan:12952
pool_success_rate:0.4
pool_avg_makespan:29942.75
pool_worst_makespan:52495.0
seen_pool_summary=success:8/10,avg_makespan:33855,worst_makespan:65605
seen_pool:1-1-9.txt|goal=True|makespan=12952|trans_count=73|elapsed=0.903303s
seen_pool:1-1-16.txt|goal=True|makespan=21369|trans_count=110|elapsed=1.521742s
seen_pool:1-2-9.txt|goal=True|makespan=19074|trans_count=76|elapsed=0.785209s
seen_pool:1-2-16.txt|goal=True|makespan=36868|trans_count=128|elapsed=1.158881s
seen_pool:1-3-9.txt|goal=True|makespan=26654|trans_count=66|elapsed=0.632091s
seen_pool:1-3-16.txt|goal=True|makespan=50170|trans_count=111|elapsed=1.023900s
seen_pool:1-4-9.txt|goal=True|makespan=38148|trans_count=77|elapsed=0.337411s
seen_pool:1-4-16.txt|goal=True|makespan=65605|trans_count=130|elapsed=0.415082s
seen_pool:1-5-9.txt|goal=False|makespan=33210|trans_count=35|elapsed=0.579875s
seen_pool:1-5-16.txt|goal=False|makespan=31590|trans_count=35|elapsed=0.578835s
checkpoint_path:d:\dispatch_code\BC+DAgger+PPO\new_job\python_port\checkpoints\Reference_checkpoint/reference_ppo_checkpoint_family1_test2_1-1-9_4addbde9331f4b901e5c9e0e59c31b4fe2a1e95e.pt
