elapsed:17583.832114s
trans_count:72
trans_sequence:2->22->2->21->2->26->24->22->2->25->23->21->26->2->11->22->2->26->22->2->16->17->3->14->7->2->18->4->7->10->18->9->0->4->8->1->16->17->5->8->1->14->19->26->5->7->9->1->10->20->9->1->6->15->19->7->5->7->13->19->5->8->1->9->1->12->19->5->8->1->9->1
makespan:12528
reach_goal:True
goal_distance:0.0
train_steps:1204224
best_train_makespan:16479
pool_success_rate:0.4
pool_avg_makespan:28816.75
pool_worst_makespan:47930.0
seen_pool_summary=success:10/10,avg_makespan:82698,worst_makespan:392021
seen_pool:1-1-9.txt|goal=True|makespan=12528|trans_count=72|elapsed=71.477977s
seen_pool:1-1-16.txt|goal=True|makespan=18981|trans_count=127|elapsed=148.050347s
seen_pool:1-2-9.txt|goal=True|makespan=13742|trans_count=72|elapsed=95.906233s
seen_pool:1-2-16.txt|goal=True|makespan=25089|trans_count=129|elapsed=184.044660s
seen_pool:1-3-9.txt|goal=True|makespan=27887|trans_count=62|elapsed=48.428874s
seen_pool:1-3-16.txt|goal=True|makespan=47955|trans_count=115|elapsed=101.216464s
seen_pool:1-4-9.txt|goal=True|makespan=32626|trans_count=63|elapsed=46.210014s
seen_pool:1-4-16.txt|goal=True|makespan=63712|trans_count=111|elapsed=101.752490s
seen_pool:1-5-9.txt|goal=True|makespan=192446|trans_count=207|elapsed=294.312428s
seen_pool:1-5-16.txt|goal=True|makespan=392021|trans_count=431|elapsed=574.638857s
checkpoint_path:d:\dispatch_code\BC+DAgger+PPO\new_job\python_port\checkpoints\Reference_checkpoint/reference_ppo_checkpoint_family1_test1_1-1-9_6923e97f945b80f1284213834b8ccafe203d6ed9.pt
