elapsed:5814.437560s
trans_count:85
trans_sequence:1->7->1->2->17->3->1->7->1->16->5->2->1->13->11->5->22->1->13->5->11->21->13->18->1->5->14->5->11->21->18->1->13->11->21->19->5->12->21->14->5->19->13->11->22->1->5->13->5->12->21->14->19->12->21->5->14->19->5->12->14->21->18->20->18->5->8->21->18->6->8->21->18->20->4->18->6->9->22->8->22->20->18->20->18
makespan:39128
reach_goal:True
goal_distance:0.0
train_steps:509952
best_train_makespan:39128
pool_success_rate:0.75
pool_avg_makespan:31242.0
pool_worst_makespan:53746.0
seen_pool_summary=success:8/8,avg_makespan:27949,worst_makespan:53746
seen_pool:1-3.txt|goal=True|makespan=39128|trans_count=85|elapsed=1.164249s
seen_pool:1-3-9.txt|goal=True|makespan=27644|trans_count=66|elapsed=0.829892s
seen_pool:1-4.txt|goal=True|makespan=53746|trans_count=116|elapsed=1.319616s
seen_pool:1-4-9.txt|goal=True|makespan=35444|trans_count=81|elapsed=0.900090s
seen_pool:3-2.txt|goal=True|makespan=15985|trans_count=105|elapsed=1.593922s
seen_pool:3-2-9.txt|goal=True|makespan=10145|trans_count=74|elapsed=1.053713s
seen_pool:3-4.txt|goal=True|makespan=24800|trans_count=112|elapsed=0.628599s
seen_pool:3-4-9.txt|goal=True|makespan=16700|trans_count=83|elapsed=0.573803s
checkpoint_path:d:\dispatch_code\BC+DAgger+PPO\new_job\python_port\checkpoints\Reference_checkpoint/reference_ppo_checkpoint_case1_test1_1-3_5b90dd79b2a2a4bedb4739614392cd42cfbe4c2f.pt
