elapsed:9823.477197s
trans_count:95
trans_sequence:1->7->1->17->7->1->2->3->17->5->13->23->1->7->17->5->1->11->22->1->7->1->13->11->27->24->22->14->20->5->13->19->12->29->21->14->19->5->11->13->21->18->8->22->29->6->20->19->28->11->21->19->12->13->23->4->21->14->19->27->11->24->22->13->1->3->12->21->18->8->21->17->23->18->28->6->24->8->10->4->6->22->20->18->9->22->20->18->8->21->18->20->18->20->18
makespan:24742
reach_goal:True
goal_distance:0.0
train_steps:700416
best_train_makespan:24742
pool_success_rate:0.8
pool_avg_makespan:43677.0
pool_worst_makespan:64012.0
seen_pool_summary=success:10/10,avg_makespan:17457,worst_makespan:27770
seen_pool:1-1.txt|goal=True|makespan=24742|trans_count=95|elapsed=1.516772s
seen_pool:1-1-a.txt|goal=True|makespan=24201|trans_count=107|elapsed=1.477750s
seen_pool:1-2.txt|goal=True|makespan=27770|trans_count=111|elapsed=1.838867s
seen_pool:1-2-a.txt|goal=True|makespan=26027|trans_count=107|elapsed=1.877447s
seen_pool:2-1.txt|goal=True|makespan=10505|trans_count=76|elapsed=1.027544s
seen_pool:2-1-a.txt|goal=True|makespan=9801|trans_count=79|elapsed=1.026487s
seen_pool:3-1.txt|goal=True|makespan=10900|trans_count=114|elapsed=1.764924s
seen_pool:3-1-a.txt|goal=True|makespan=11770|trans_count=104|elapsed=1.807518s
seen_pool:3-3.txt|goal=True|makespan=14030|trans_count=123|elapsed=0.979455s
seen_pool:3-3-a.txt|goal=True|makespan=14830|trans_count=121|elapsed=0.986128s
checkpoint_path:d:\dispatch_code\BC+DAgger+PPO\new_job\python_port\checkpoints\Reference_checkpoint/reference_ppo_checkpoint_case1_test2_1-1_6df71baa57b78fb00b353b07fcf3342d31da589b.pt
