elapsed:5407.588798s
trans_count:98
trans_sequence:1->7->17->1->2->1->3->16->7->1->2->1->5->13->11->22->20->18->1->5->13->11->22->20->18->1->5->13->11->22->20->18->1->5->13->11->22->20->18->1->5->13->11->22->20->18->1->5->13->11->22->20->18->1->5->13->11->22->20->18->1->5->13->11->22->20->18->1->5->13->11->22->20->18->5->13->8->22->20->18->5->14->9->22->20->18->5->6->8->22->20->18->4->10->9->22->20->18
makespan:39137
reach_goal:True
goal_distance:0.0
train_steps:509952
best_train_makespan:39259
pool_success_rate:0.25
pool_avg_makespan:33367.0
pool_worst_makespan:39137.0
seen_pool_summary=success:8/8,avg_makespan:28522,worst_makespan:54387
seen_pool:1-3.txt|goal=True|makespan=39137|trans_count=98|elapsed=0.975718s
seen_pool:1-3-9.txt|goal=True|makespan=27588|trans_count=69|elapsed=0.690395s
seen_pool:1-4.txt|goal=True|makespan=54387|trans_count=102|elapsed=0.379017s
seen_pool:1-4-9.txt|goal=True|makespan=37615|trans_count=78|elapsed=0.381118s
seen_pool:3-2.txt|goal=True|makespan=16410|trans_count=108|elapsed=0.387761s
seen_pool:3-2-9.txt|goal=True|makespan=9410|trans_count=76|elapsed=0.344758s
seen_pool:3-4.txt|goal=True|makespan=26370|trans_count=117|elapsed=0.258685s
seen_pool:3-4-9.txt|goal=True|makespan=17260|trans_count=92|elapsed=0.218847s
checkpoint_path:d:\dispatch_code\BC+DAgger+PPO\new_job\python_port\checkpoints\Reference_checkpoint/reference_ppo_checkpoint_case2_test4_1-3_5b90dd79b2a2a4bedb4739614392cd42cfbe4c2f.pt
